╔═════════════════════════════════════════════════════╗
║                         PFP                         ║
╠═════════════════════════════════════════════════════╣
║ [38;2;121;121;121m[48;2;158;158;158m▀[38;2;225;225;225m[48;2;255;255;255m▀[38;2;244;244;244m[48;2;209;208;209m▀[38;2;34;33;35m[48;2;6;4;6m▀[38;2;9;7;10m[48;2;15;13;17m▀[38;2;15;13;16m[48;2;14;12;15m▀[38;2;14;12;15m[48;2;14;12;15m▀[38;2;14;12;15m[48;2;14;12;15m▀[38;2;15;13;16m[48;2;12;10;13m▀[38;2;12;10;13m[48;2;22;20;23m▀[38;2;29;28;30m[48;2;32;30;33m▀[38;2;18;16;19m[48;2;11;9;12m▀[38;2;13;11;14m[48;2;15;13;16m▀[38;2;14;12;15m[48;2;14;12;15m▀[38;2;14;12;15m[48;2;14;12;15m▀[38;2;14;12;15m[48;2;14;12;15m▀[38;2;14;12;15m[48;2;14;12;15m▀[38;2;14;12;15m[48;2;14;12;15m▀[38;2;14;12;15m[48;2;14;12;15m▀[38;2;14;12;15m[48;2;14;12;15m▀[38;2;14;12;15m[48;2;14;12;15m▀[38;2;14;12;15m[48;2;14;12;15m▀[38;2;14;12;15m[48;2;14;12;15m▀[38;2;14;12;15m[48;2;14;12;15m▀[38;2;14;12;15m[48;2;14;12;15m▀[38;2;14;12;15m[48;2;14;12;15m▀[38;2;14;12;15m[48;2;14;12;15m▀[38;2;14;12;15m[48;2;14;12;15m▀[38;2;14;12;15m[48;2;14;12;15m▀[38;2;14;12;15m[48;2;14;12;15m▀[38;2;14;12;15m[48;2;14;12;15m▀[38;2;14;12;15m[48;2;14;12;15m▀[38;2;14;12;15m[48;2;14;12;15m▀[38;2;14;12;15m[48;2;14;12;15m▀[38;2;14;12;15m[48;2;14;12;15m▀[38;2;14;12;15m[48;2;14;12;15m▀[38;2;14;12;15m[48;2;14;12;15m▀[38;2;14;12;15m[48;2;14;12;15m▀[38;2;14;12;15m[48;2;14;12;15m▀[38;2;14;12;15m[48;2;14;12;15m▀[38;2;14;12;15m[48;2;14;12;15m▀[38;2;14;12;15m[48;2;14;12;15m▀[38;2;14;12;15m[48;2;14;12;15m▀[38;2;14;12;15m[48;2;14;12;15m▀[38;2;14;12;15m[48;2;14;12;15m▀[38;2;14;12;15m[48;2;14;12;15m▀[38;2;14;12;15m[48;2;14;12;15m▀[38;2;14;12;15m[48;2;14;12;15m▀[38;2;14;12;15m[48;2;14;12;15m▀[38;2;14;12;15m[48;2;14;12;15m▀[38;2;14;12;15m[48;2;14;12;15m▀[0m ║
║ [38;2;108;106;109m[48;2;26;25;27m▀[38;2;118;116;119m[48;2;40;38;40m▀[38;2;60;58;61m[48;2;11;9;12m▀[38;2;8;6;9m[48;2;20;18;21m▀[38;2;15;13;16m[48;2;13;11;14m▀[38;2;14;12;15m[48;2;14;12;15m▀[38;2;14;12;15m[48;2;14;12;15m▀[38;2;14;12;15m[48;2;16;14;17m▀[38;2;11;9;12m[48;2;5;3;6m▀[38;2;23;21;24m[48;2;57;55;58m▀[38;2;52;50;53m[48;2;49;47;50m▀[38;2;8;6;9m[48;2;7;5;8m▀[38;2;15;13;16m[48;2;15;13;16m▀[38;2;14;12;15m[48;2;14;12;15m▀[38;2;14;12;15m[48;2;14;12;15m▀[38;2;14;12;15m[48;2;14;12;15m▀[38;2;14;12;15m[48;2;14;12;15m▀[38;2;14;12;15m[48;2;14;12;15m▀[38;2;14;12;15m[48;2;14;12;15m▀[38;2;14;12;15m[48;2;14;12;15m▀[38;2;14;12;15m[48;2;14;12;15m▀[38;2;14;12;15m[48;2;14;12;15m▀[38;2;14;12;15m[48;2;14;12;15m▀[38;2;14;12;15m[48;2;14;12;15m▀[38;2;14;12;15m[48;2;14;12;15m▀[38;2;14;12;15m[48;2;14;12;15m▀[38;2;14;12;15m[48;2;14;12;15m▀[38;2;14;12;15m[48;2;14;12;15m▀[38;2;14;12;15m[48;2;14;12;15m▀[38;2;14;12;15m[48;2;14;12;15m▀[38;2;14;12;15m[48;2;14;12;15m▀[38;2;14;12;15m[48;2;14;12;15m▀[38;2;14;12;15m[48;2;14;12;15m▀[38;2;14;12;15m[48;2;14;12;15m▀[38;2;14;12;15m[48;2;14;12;15m▀[38;2;14;12;15m[48;2;14;12;15m▀[38;2;14;12;15m[48;2;14;12;15m▀[38;2;14;12;15m[48;2;14;12;15m▀[38;2;14;12;15m[48;2;14;12;15m▀[38;2;14;12;15m[48;2;14;12;15m▀[38;2;14;12;15m[48;2;14;12;15m▀[38;2;14;12;15m[48;2;14;12;15m▀[38;2;14;12;15m[48;2;14;12;15m▀[38;2;14;12;15m[48;2;14;12;15m▀[38;2;14;12;15m[48;2;14;12;15m▀[38;2;14;12;15m[48;2;14;12;15m▀[38;2;14;12;15m[48;2;14;12;15m▀[38;2;14;12;15m[48;2;14;12;15m▀[38;2;14;12;15m[48;2;14;12;15m▀[38;2;14;12;15m[48;2;14;12;15m▀[38;2;14;12;15m[48;2;14;12;15m▀[0m ║
║ [38;2;255;255;255m[48;2;133;132;134m▀[38;2;184;184;184m[48;2;58;57;59m▀[38;2;10;8;11m[48;2;0;0;0m▀[38;2;18;16;19m[48;2;48;46;49m▀[38;2;11;9;12m[48;2;22;20;23m▀[38;2;15;13;16m[48;2;12;10;13m▀[38;2;14;12;15m[48;2;16;14;17m▀[38;2;13;11;14m[48;2;4;2;5m▀[38;2;24;22;25m[48;2;24;22;25m▀[38;2;60;58;61m[48;2;23;21;24m▀[38;2;8;6;9m[48;2;12;10;13m▀[38;2;15;13;16m[48;2;14;12;15m▀[38;2;14;12;15m[48;2;14;12;15m▀[38;2;14;12;15m[48;2;14;12;15m▀[38;2;14;12;15m[48;2;14;12;15m▀[38;2;14;12;15m[48;2;14;12;15m▀[38;2;14;12;15m[48;2;14;12;15m▀[38;2;14;12;15m[48;2;14;12;15m▀[38;2;14;12;15m[48;2;14;12;15m▀[38;2;14;12;15m[48;2;14;12;15m▀[38;2;14;12;15m[48;2;14;12;15m▀[38;2;14;12;15m[48;2;14;12;15m▀[38;2;14;12;15m[48;2;14;12;15m▀[38;2;14;12;15m[48;2;14;12;15m▀[38;2;14;12;15m[48;2;14;12;15m▀[38;2;14;12;15m[48;2;14;12;15m▀[38;2;14;12;15m[48;2;14;12;15m▀[38;2;14;12;15m[48;2;14;12;15m▀[38;2;14;12;15m[48;2;14;12;15m▀[38;2;14;12;15m[48;2;14;12;15m▀[38;2;14;12;15m[48;2;14;12;15m▀[38;2;14;12;15m[48;2;14;12;15m▀[38;2;14;12;15m[48;2;14;12;15m▀[38;2;14;12;15m[48;2;14;12;15m▀[38;2;14;12;15m[48;2;14;12;15m▀[38;2;14;12;15m[48;2;14;12;15m▀[38;2;14;12;15m[48;2;14;12;15m▀[38;2;14;12;15m[48;2;14;12;15m▀[38;2;14;12;15m[48;2;14;12;15m▀[38;2;14;12;15m[48;2;14;12;15m▀[38;2;14;12;15m[48;2;14;12;15m▀[38;2;14;12;15m[48;2;14;12;15m▀[38;2;14;12;15m[48;2;14;12;15m▀[38;2;14;12;15m[48;2;14;12;15m▀[38;2;14;12;15m[48;2;14;12;15m▀[38;2;14;12;15m[48;2;14;12;15m▀[38;2;14;12;15m[48;2;14;12;15m▀[38;2;14;12;15m[48;2;14;12;15m▀[38;2;14;12;15m[48;2;14;12;15m▀[38;2;14;12;15m[48;2;14;12;15m▀[38;2;14;12;15m[48;2;14;12;15m▀[0m ║
║ [38;2;0;0;0m[48;2;16;14;17m▀[38;2;6;4;7m[48;2;24;22;25m▀[38;2;32;30;33m[48;2;71;71;71m▀[38;2;157;156;158m[48;2;153;152;153m▀[38;2;30;28;31m[48;2;2;0;4m▀[38;2;12;10;13m[48;2;9;7;10m▀[38;2;6;4;7m[48;2;45;44;46m▀[38;2;52;50;53m[48;2;138;136;139m▀[38;2;27;26;28m[48;2;12;10;13m▀[38;2;9;7;10m[48;2;16;14;17m▀[38;2;15;13;16m[48;2;17;14;18m▀[38;2;14;12;15m[48;2;14;12;15m▀[38;2;14;12;15m[48;2;18;16;19m▀[38;2;15;13;16m[48;2;21;19;22m▀[38;2;14;12;15m[48;2;13;11;14m▀[38;2;14;12;15m[48;2;14;12;15m▀[38;2;14;12;15m[48;2;14;12;15m▀[38;2;14;12;15m[48;2;14;12;15m▀[38;2;14;12;15m[48;2;14;12;15m▀[38;2;14;12;15m[48;2;14;12;15m▀[38;2;14;12;15m[48;2;14;12;15m▀[38;2;14;12;15m[48;2;14;12;15m▀[38;2;14;12;15m[48;2;14;12;15m▀[38;2;14;12;15m[48;2;14;12;15m▀[38;2;14;12;15m[48;2;13;11;14m▀[38;2;14;12;15m[48;2;16;14;17m▀[38;2;14;12;15m[48;2;6;4;7m▀[38;2;16;14;17m[48;2;53;51;54m▀[38;2;17;15;18m[48;2;43;41;44m▀[38;2;14;12;15m[48;2;3;1;4m▀[38;2;14;12;15m[48;2;16;14;17m▀[38;2;14;12;15m[48;2;14;12;15m▀[38;2;14;12;15m[48;2;14;12;15m▀[38;2;14;12;15m[48;2;14;12;15m▀[38;2;14;12;15m[48;2;14;12;15m▀[38;2;14;12;15m[48;2;14;12;15m▀[38;2;14;12;15m[48;2;14;12;15m▀[38;2;14;12;15m[48;2;14;12;15m▀[38;2;14;12;15m[48;2;14;12;15m▀[38;2;14;12;15m[48;2;14;12;15m▀[38;2;14;12;15m[48;2;14;12;15m▀[38;2;14;12;15m[48;2;14;12;15m▀[38;2;14;12;15m[48;2;14;12;15m▀[38;2;14;12;15m[48;2;14;12;15m▀[38;2;14;12;15m[48;2;14;12;15m▀[38;2;14;12;15m[48;2;14;12;15m▀[38;2;14;12;15m[48;2;14;12;15m▀[38;2;14;12;15m[48;2;14;12;15m▀[38;2;14;12;15m[48;2;14;12;15m▀[38;2;14;12;15m[48;2;14;12;15m▀[38;2;14;12;15m[48;2;14;12;15m▀[0m ║
║ [38;2;13;11;14m[48;2;18;16;19m▀[38;2;22;20;22m[48;2;0;0;0m▀[38;2;103;103;103m[48;2;105;103;106m▀[38;2;104;103;104m[48;2;78;77;79m▀[38;2;0;0;1m[48;2;0;0;0m▀[38;2;7;5;8m[48;2;23;21;24m▀[38;2;107;105;108m[48;2;51;49;52m▀[38;2;47;45;48m[48;2;10;8;11m▀[38;2;4;2;5m[48;2;3;1;4m▀[38;2;8;6;9m[48;2;89;89;89m▀[38;2;3;1;4m[48;2;153;152;153m▀[38;2;12;10;13m[48;2;12;10;13m▀[38;2;14;12;15m[48;2;14;12;15m▀[38;2;14;12;15m[48;2;14;11;15m▀[38;2;15;13;16m[48;2;13;11;14m▀[38;2;14;12;15m[48;2;14;12;15m▀[38;2;14;12;15m[48;2;14;12;15m▀[38;2;14;12;15m[48;2;14;12;15m▀[38;2;14;12;15m[48;2;14;12;15m▀[38;2;14;12;15m[48;2;14;12;15m▀[38;2;14;12;15m[48;2;14;12;15m▀[38;2;14;12;15m[48;2;14;12;15m▀[38;2;14;12;15m[48;2;14;12;15m▀[38;2;15;13;16m[48;2;16;14;17m▀[38;2;17;15;18m[48;2;20;18;21m▀[38;2;16;14;17m[48;2;8;6;9m▀[38;2;1;0;2m[48;2;32;31;33m▀[38;2;107;105;108m[48;2;237;237;237m▀[38;2;145;144;146m[48;2;255;255;255m▀[38;2;15;13;16m[48;2;73;73;73m▀[38;2;13;11;14m[48;2;2;1;3m▀[38;2;14;12;15m[48;2;17;15;18m▀[38;2;14;12;15m[48;2;14;12;15m▀[38;2;14;12;15m[48;2;14;12;15m▀[38;2;14;12;15m[48;2;14;12;15m▀[38;2;14;12;15m[48;2;14;12;15m▀[38;2;14;12;15m[48;2;14;12;15m▀[38;2;14;12;15m[48;2;14;12;15m▀[38;2;14;12;15m[48;2;14;12;15m▀[38;2;14;12;15m[48;2;14;12;15m▀[38;2;14;12;15m[48;2;14;12;15m▀[38;2;14;12;15m[48;2;14;12;15m▀[38;2;14;12;15m[48;2;14;12;15m▀[38;2;14;12;15m[48;2;14;12;15m▀[38;2;14;12;15m[48;2;14;12;15m▀[38;2;14;12;15m[48;2;14;12;15m▀[38;2;14;12;15m[48;2;14;12;15m▀[38;2;14;12;15m[48;2;14;12;15m▀[38;2;14;12;15m[48;2;14;12;15m▀[38;2;14;12;15m[48;2;14;12;15m▀[38;2;14;12;15m[48;2;14;12;15m▀[0m ║
║ [38;2;14;12;15m[48;2;14;12;15m▀[38;2;14;12;15m[48;2;14;12;15m▀[38;2;17;15;18m[48;2;13;11;14m▀[38;2;21;19;22m[48;2;12;10;13m▀[38;2;13;11;14m[48;2;14;12;15m▀[38;2;14;12;15m[48;2;14;12;15m▀[38;2;11;9;12m[48;2;15;13;16m▀[38;2;13;11;14m[48;2;15;13;16m▀[38;2;25;23;26m[48;2;24;23;25m▀[38;2;208;207;208m[48;2;57;55;58m▀[38;2;246;245;246m[48;2;164;162;164m▀[38;2;78;76;79m[48;2;88;86;89m▀[38;2;0;0;0m[48;2;0;0;0m▀[38;2;55;54;56m[48;2;101;101;101m▀[38;2;44;42;45m[48;2;123;122;124m▀[38;2;7;5;8m[48;2;0;0;0m▀[38;2;15;13;16m[48;2;17;15;18m▀[38;2;14;12;15m[48;2;14;12;15m▀[38;2;14;12;15m[48;2;14;12;15m▀[38;2;14;12;15m[48;2;14;12;15m▀[38;2;14;12;15m[48;2;14;12;15m▀[38;2;14;12;15m[48;2;14;12;15m▀[38;2;14;12;15m[48;2;14;12;15m▀[38;2;14;12;15m[48;2;14;12;15m▀[38;2;16;14;17m[48;2;9;7;10m▀[38;2;0;0;0m[48;2;39;39;39m▀[38;2;156;155;157m[48;2;244;244;244m▀[38;2;255;255;255m[48;2;255;255;255m▀[38;2;255;255;255m[48;2;255;255;255m▀[38;2;139;139;139m[48;2;243;243;243m▀[38;2;0;0;0m[48;2;72;71;73m▀[38;2;19;17;20m[48;2;8;5;9m▀[38;2;14;12;15m[48;2;16;14;17m▀[38;2;14;12;15m[48;2;14;12;15m▀[38;2;14;12;15m[48;2;14;12;15m▀[38;2;14;12;15m[48;2;14;12;15m▀[38;2;14;12;15m[48;2;14;12;15m▀[38;2;14;12;15m[48;2;14;12;15m▀[38;2;14;12;15m[48;2;14;12;15m▀[38;2;14;12;15m[48;2;14;12;15m▀[38;2;14;12;15m[48;2;14;12;15m▀[38;2;14;12;15m[48;2;14;12;15m▀[38;2;14;12;15m[48;2;14;12;15m▀[38;2;14;12;15m[48;2;14;12;15m▀[38;2;14;12;15m[48;2;14;12;15m▀[38;2;14;12;15m[48;2;14;12;15m▀[38;2;14;12;15m[48;2;14;12;15m▀[38;2;14;12;15m[48;2;14;12;15m▀[38;2;14;12;15m[48;2;14;12;15m▀[38;2;14;12;15m[48;2;14;12;15m▀[38;2;14;12;15m[48;2;14;12;15m▀[0m ║
║ [38;2;14;12;15m[48;2;14;12;15m▀[38;2;14;12;15m[48;2;14;12;15m▀[38;2;14;12;15m[48;2;14;12;15m▀[38;2;14;12;15m[48;2;14;12;15m▀[38;2;14;12;15m[48;2;15;13;16m▀[38;2;14;12;15m[48;2;10;8;11m▀[38;2;13;11;14m[48;2;42;40;43m▀[38;2;22;20;23m[48;2;41;39;42m▀[38;2;17;15;18m[48;2;14;12;15m▀[38;2;6;4;7m[48;2;18;16;19m▀[38;2;1;0;2m[48;2;12;10;13m▀[38;2;29;27;30m[48;2;17;15;18m▀[38;2;0;0;0m[48;2;7;5;8m▀[38;2;91;90;91m[48;2;44;42;45m▀[38;2;194;193;195m[48;2;200;199;200m▀[38;2;2;1;3m[48;2;17;17;17m▀[38;2;16;14;17m[48;2;13;11;14m▀[38;2;14;12;15m[48;2;15;13;16m▀[38;2;14;12;15m[48;2;14;12;15m▀[38;2;14;12;15m[48;2;14;12;15m▀[38;2;14;12;15m[48;2;14;12;15m▀[38;2;15;13;16m[48;2;14;12;15m▀[38;2;9;7;10m[48;2;13;11;14m▀[38;2;46;44;47m[48;2;25;23;26m▀[38;2;17;15;17m[48;2;9;7;9m▀[38;2;116;116;116m[48;2;191;191;191m▀[38;2;255;255;255m[48;2;255;255;255m▀[38;2;238;238;238m[48;2;247;247;247m▀[38;2;158;158;158m[48;2;233;233;233m▀[38;2;146;146;146m[48;2;220;220;220m▀[38;2;158;157;158m[48;2;165;165;165m▀[38;2;26;24;26m[48;2;49;49;49m▀[38;2;11;9;12m[48;2;8;6;9m▀[38;2;15;13;16m[48;2;17;15;18m▀[38;2;14;12;15m[48;2;14;12;15m▀[38;2;14;12;15m[48;2;14;12;15m▀[38;2;14;12;15m[48;2;14;12;15m▀[38;2;14;12;15m[48;2;14;12;15m▀[38;2;14;12;15m[48;2;14;12;15m▀[38;2;14;12;15m[48;2;14;12;15m▀[38;2;14;12;15m[48;2;14;12;15m▀[38;2;14;12;15m[48;2;14;12;15m▀[38;2;14;12;15m[48;2;14;12;15m▀[38;2;14;12;15m[48;2;14;12;15m▀[38;2;14;12;15m[48;2;14;12;15m▀[38;2;14;12;15m[48;2;14;12;15m▀[38;2;14;12;15m[48;2;14;12;15m▀[38;2;14;12;15m[48;2;14;12;15m▀[38;2;14;12;15m[48;2;14;12;15m▀[38;2;14;12;15m[48;2;14;12;15m▀[38;2;14;12;15m[48;2;14;12;15m▀[0m ║
║ [38;2;14;12;15m[48;2;14;12;15m▀[38;2;14;12;15m[48;2;14;12;15m▀[38;2;14;12;15m[48;2;14;12;15m▀[38;2;14;12;15m[48;2;12;10;13m▀[38;2;13;11;14m[48;2;24;22;25m▀[38;2;10;8;11m[48;2;50;48;51m▀[38;2;16;14;17m[48;2;17;15;18m▀[38;2;10;8;11m[48;2;18;16;19m▀[38;2;2;0;3m[48;2;155;153;155m▀[38;2;22;21;23m[48;2;179;179;179m▀[38;2;35;34;36m[48;2;91;91;92m▀[38;2;14;12;15m[48;2;12;10;13m▀[38;2;16;14;17m[48;2;20;18;21m▀[38;2;10;8;11m[48;2;0;0;0m▀[38;2;185;184;185m[48;2;98;97;98m▀[38;2;50;49;50m[48;2;82;82;82m▀[38;2;3;1;4m[48;2;17;15;18m▀[38;2;14;12;15m[48;2;26;24;27m▀[38;2;14;12;15m[48;2;12;10;13m▀[38;2;14;12;15m[48;2;14;12;15m▀[38;2;14;12;15m[48;2;14;12;15m▀[38;2;14;12;15m[48;2;14;12;15m▀[38;2;16;14;17m[48;2;16;14;17m▀[38;2;7;5;8m[48;2;4;2;5m▀[38;2;35;33;36m[48;2;57;55;58m▀[38;2;239;239;238m[48;2;255;255;255m▀[38;2;255;255;255m[48;2;248;248;248m▀[38;2;255;255;255m[48;2;221;221;221m▀[38;2;255;255;255m[48;2;226;226;226m▀[38;2;255;255;255m[48;2;251;251;251m▀[38;2;255;255;255m[48;2;255;255;255m▀[38;2;222;222;222m[48;2;255;255;255m▀[38;2;24;23;25m[48;2;163;164;163m▀[38;2;7;5;7m[48;2;19;18;19m▀[38;2;17;15;18m[48;2;10;8;11m▀[38;2;14;12;15m[48;2;15;13;16m▀[38;2;14;12;15m[48;2;14;12;15m▀[38;2;14;12;15m[48;2;14;12;15m▀[38;2;14;12;15m[48;2;14;12;15m▀[38;2;14;12;15m[48;2;14;12;15m▀[38;2;14;12;15m[48;2;14;12;15m▀[38;2;14;12;15m[48;2;14;12;15m▀[38;2;14;12;15m[48;2;14;12;15m▀[38;2;14;12;15m[48;2;14;12;15m▀[38;2;14;12;15m[48;2;14;12;15m▀[38;2;14;12;15m[48;2;14;12;15m▀[38;2;14;12;15m[48;2;14;12;15m▀[38;2;14;12;15m[48;2;14;12;15m▀[38;2;14;12;15m[48;2;14;12;15m▀[38;2;14;12;15m[48;2;14;12;15m▀[38;2;14;12;15m[48;2;14;12;15m▀[0m ║
║ [38;2;14;12;15m[48;2;14;12;15m▀[38;2;14;12;15m[48;2;14;12;15m▀[38;2;14;12;15m[48;2;16;14;17m▀[38;2;14;12;15m[48;2;5;3;6m▀[38;2;12;10;13m[48;2;74;72;75m▀[38;2;31;29;32m[48;2;34;33;35m▀[38;2;103;101;104m[48;2;42;40;43m▀[38;2;49;49;50m[48;2;13;13;13m▀[38;2;207;207;207m[48;2;168;168;168m▀[38;2;225;225;225m[48;2;161;161;161m▀[38;2;88;88;88m[48;2;128;128;128m▀[38;2;0;0;0m[48;2;164;164;164m▀[38;2;5;3;5m[48;2;79;78;79m▀[38;2;27;25;28m[48;2;102;100;103m▀[38;2;9;7;10m[48;2;30;29;31m▀[38;2;28;26;29m[48;2;3;1;5m▀[38;2;24;22;25m[48;2;11;9;12m▀[38;2;26;24;27m[48;2;15;13;16m▀[38;2;12;10;13m[48;2;15;13;16m▀[38;2;14;12;15m[48;2;16;14;17m▀[38;2;14;12;15m[48;2;15;13;16m▀[38;2;15;13;16m[48;2;9;7;10m▀[38;2;18;16;19m[48;2;16;14;17m▀[38;2;0;0;0m[48;2;0;0;0m▀[38;2;127;125;127m[48;2;166;165;167m▀[38;2;255;255;255m[48;2;167;167;167m▀[38;2;236;235;236m[48;2;37;36;37m▀[38;2;166;165;167m[48;2;50;48;51m▀[38;2;151;150;151m[48;2;72;71;72m▀[38;2;155;155;155m[48;2;118;118;118m▀[38;2;186;186;186m[48;2;151;151;151m▀[38;2;248;248;248m[48;2;161;161;161m▀[38;2;255;255;255m[48;2;224;224;224m▀[38;2;153;153;154m[48;2;255;255;255m▀[38;2;15;13;16m[48;2;78;77;79m▀[38;2;14;12;15m[48;2;1;0;2m▀[38;2;14;12;15m[48;2;17;15;18m▀[38;2;14;12;15m[48;2;14;12;15m▀[38;2;14;12;15m[48;2;14;12;15m▀[38;2;14;12;15m[48;2;14;12;15m▀[38;2;14;12;15m[48;2;14;12;15m▀[38;2;14;12;15m[48;2;14;12;15m▀[38;2;14;12;15m[48;2;14;12;15m▀[38;2;14;12;15m[48;2;14;12;15m▀[38;2;14;12;15m[48;2;14;12;15m▀[38;2;14;12;15m[48;2;14;12;15m▀[38;2;14;12;15m[48;2;14;12;15m▀[38;2;14;12;15m[48;2;14;12;15m▀[38;2;14;12;15m[48;2;14;12;15m▀[38;2;14;12;15m[48;2;14;12;15m▀[38;2;14;12;15m[48;2;14;12;15m▀[0m ║
║ [38;2;14;12;15m[48;2;14;12;15m▀[38;2;14;12;15m[48;2;14;12;15m▀[38;2;17;15;18m[48;2;15;13;16m▀[38;2;0;0;0m[48;2;8;6;9m▀[38;2;108;106;109m[48;2;37;35;38m▀[38;2;120;118;121m[48;2;109;107;110m▀[38;2;0;0;0m[48;2;0;0;0m▀[38;2;39;39;39m[48;2;54;54;54m▀[38;2;188;188;188m[48;2;193;193;193m▀[38;2;100;100;100m[48;2;105;105;104m▀[38;2;0;0;0m[48;2;0;0;1m▀[38;2;69;67;70m[48;2;5;3;6m▀[38;2;186;185;186m[48;2;5;5;6m▀[38;2;105;105;105m[48;2;154;154;154m▀[38;2;87;86;88m[48;2;106;105;107m▀[38;2;97;95;97m[48;2;115;113;116m▀[38;2;12;10;13m[48;2;25;24;26m▀[38;2;23;21;24m[48;2;21;19;22m▀[38;2;15;13;16m[48;2;1;0;2m▀[38;2;7;5;8m[48;2;59;57;60m▀[38;2;8;6;9m[48;2;41;40;42m▀[38;2;36;35;37m[48;2;34;32;35m▀[38;2;16;14;17m[48;2;16;14;17m▀[38;2;14;12;15m[48;2;34;32;35m▀[38;2;14;13;15m[48;2;176;174;176m▀[38;2;39;37;40m[48;2;253;252;254m▀[38;2;42;40;43m[48;2;245;243;245m▀[38;2;14;12;15m[48;2;46;44;47m▀[38;2;1;0;2m[48;2;17;15;18m▀[38;2;0;0;1m[48;2;20;18;21m▀[38;2;40;38;41m[48;2;7;5;8m▀[38;2;141;139;141m[48;2;1;0;2m▀[38;2;162;162;162m[48;2;120;120;120m▀[38;2;230;230;230m[48;2;190;190;190m▀[38;2;158;157;158m[48;2;165;165;165m▀[38;2;0;0;0m[48;2;15;14;15m▀[38;2;15;13;16m[48;2;24;22;25m▀[38;2;14;12;15m[48;2;15;13;16m▀[38;2;14;12;15m[48;2;15;13;16m▀[38;2;14;12;15m[48;2;14;12;15m▀[38;2;14;12;15m[48;2;14;12;15m▀[38;2;14;12;15m[48;2;14;12;15m▀[38;2;14;12;15m[48;2;14;12;15m▀[38;2;14;12;15m[48;2;14;12;15m▀[38;2;14;12;15m[48;2;14;12;15m▀[38;2;14;12;15m[48;2;14;12;15m▀[38;2;14;12;15m[48;2;14;12;15m▀[38;2;14;12;15m[48;2;14;12;15m▀[38;2;14;12;15m[48;2;14;12;15m▀[38;2;14;12;15m[48;2;14;12;15m▀[38;2;14;12;15m[48;2;14;12;15m▀[0m ║
║ [38;2;14;12;15m[48;2;14;12;15m▀[38;2;14;12;15m[48;2;14;12;15m▀[38;2;14;12;15m[48;2;14;12;15m▀[38;2;13;11;14m[48;2;15;13;16m▀[38;2;20;18;21m[48;2;12;10;13m▀[38;2;56;54;57m[48;2;30;28;31m▀[38;2;2;0;3m[48;2;17;15;18m▀[38;2;44;44;44m[48;2;22;22;22m▀[38;2;197;197;197m[48;2;171;171;171m▀[38;2;126;126;126m[48;2;197;197;197m▀[38;2;0;0;0m[48;2;1;0;1m▀[38;2;25;23;26m[48;2;12;9;12m▀[38;2;0;0;0m[48;2;10;9;10m▀[38;2;91;92;91m[48;2;153;153;153m▀[38;2;71;70;72m[48;2;160;159;161m▀[38;2;0;0;0m[48;2;97;95;98m▀[38;2;17;15;18m[48;2;18;16;20m▀[38;2;8;6;9m[48;2;43;41;43m▀[38;2;69;66;67m[48;2;235;234;235m▀[38;2;124;123;124m[48;2;234;234;234m▀[38;2;127;127;127m[48;2;150;150;150m▀[38;2;12;11;13m[48;2;96;95;97m▀[38;2;1;0;2m[48;2;35;33;36m▀[38;2;37;35;38m[48;2;0;0;0m▀[38;2;216;215;217m[48;2;139;137;139m▀[38;2;255;255;255m[48;2;210;210;210m▀[38;2;158;157;158m[48;2;45;45;46m▀[38;2;0;0;1m[48;2;0;0;0m▀[38;2;19;17;20m[48;2;2;0;3m▀[38;2;14;12;15m[48;2;16;14;17m▀[38;2;16;14;17m[48;2;14;12;15m▀[38;2;14;12;15m[48;2;20;19;21m▀[38;2;0;0;0m[48;2;17;15;19m▀[38;2;147;146;148m[48;2;11;9;11m▀[38;2;194;194;194m[48;2;224;225;224m▀[38;2;45;44;46m[48;2;105;104;105m▀[38;2;42;40;44m[48;2;0;0;0m▀[38;2;52;50;53m[48;2;49;47;50m▀[38;2;0;0;0m[48;2;107;106;108m▀[38;2;14;12;15m[48;2;11;10;12m▀[38;2;15;13;16m[48;2;11;9;12m▀[38;2;14;12;15m[48;2;18;16;19m▀[38;2;14;12;15m[48;2;18;16;19m▀[38;2;14;12;15m[48;2;17;15;18m▀[38;2;14;12;15m[48;2;14;12;15m▀[38;2;14;12;15m[48;2;14;12;15m▀[38;2;14;12;15m[48;2;14;12;15m▀[38;2;14;12;15m[48;2;14;12;15m▀[38;2;14;12;15m[48;2;14;12;15m▀[38;2;14;12;15m[48;2;14;12;15m▀[38;2;14;12;15m[48;2;14;12;15m▀[0m ║
║ [38;2;14;12;15m[48;2;14;12;15m▀[38;2;14;12;15m[48;2;14;12;15m▀[38;2;14;12;15m[48;2;14;12;15m▀[38;2;16;14;17m[48;2;15;13;16m▀[38;2;4;2;5m[48;2;9;7;10m▀[38;2;79;78;80m[48;2;49;47;50m▀[38;2;32;31;33m[48;2;16;14;17m▀[38;2;26;26;26m[48;2;33;32;33m▀[38;2;187;187;187m[48;2;254;254;254m▀[38;2;161;161;161m[48;2;205;205;205m▀[38;2;82;82;82m[48;2;122;122;122m▀[38;2;26;23;24m[48;2;84;83;83m▀[38;2;102;102;102m[48;2;191;191;191m▀[38;2;255;255;255m[48;2;255;255;255m▀[38;2;177;176;178m[48;2;49;48;49m▀[38;2;33;31;34m[48;2;2;1;2m▀[38;2;0;0;0m[48;2;102;101;102m▀[38;2;142;141;143m[48;2;139;138;139m▀[38;2;232;232;232m[48;2;63;63;63m▀[38;2;130;130;130m[48;2;138;138;138m▀[38;2;255;255;255m[48;2;255;255;255m▀[38;2;255;255;255m[48;2;248;248;248m▀[38;2;237;237;237m[48;2;255;255;255m▀[38;2;35;33;36m[48;2;215;214;215m▀[38;2;52;50;53m[48;2;45;44;46m▀[38;2;232;232;232m[48;2;184;184;184m▀[38;2;23;22;24m[48;2;97;96;97m▀[38;2;113;111;114m[48;2;16;14;18m▀[38;2;85;83;86m[48;2;131;129;132m▀[38;2;3;1;4m[48;2;147;145;148m▀[38;2;2;0;3m[48;2;27;25;28m▀[38;2;53;51;54m[48;2;3;1;4m▀[38;2;52;50;53m[48;2;16;14;17m▀[38;2;0;0;0m[48;2;3;2;4m▀[38;2;99;100;99m[48;2;106;106;106m▀[38;2;174;173;175m[48;2;248;248;249m▀[38;2;1;0;2m[48;2;17;16;18m▀[38;2;8;6;9m[48;2;10;8;11m▀[38;2;121;119;122m[48;2;13;11;14m▀[38;2;51;49;52m[48;2;48;46;49m▀[38;2;21;19;22m[48;2;57;56;58m▀[38;2;0;0;0m[48;2;87;86;87m▀[38;2;0;0;0m[48;2;116;115;116m▀[38;2;2;0;3m[48;2;80;79;80m▀[38;2;14;12;15m[48;2;12;10;13m▀[38;2;15;13;16m[48;2;12;10;13m▀[38;2;14;12;15m[48;2;15;13;16m▀[38;2;14;12;15m[48;2;14;12;15m▀[38;2;14;12;15m[48;2;14;12;15m▀[38;2;14;12;15m[48;2;14;12;15m▀[38;2;14;12;15m[48;2;14;12;15m▀[0m ║
║ [38;2;14;12;15m[48;2;13;11;14m▀[38;2;14;12;15m[48;2;15;13;16m▀[38;2;14;12;15m[48;2;14;12;15m▀[38;2;14;12;15m[48;2;14;12;15m▀[38;2;14;12;15m[48;2;14;12;15m▀[38;2;16;14;17m[48;2;14;12;15m▀[38;2;15;13;16m[48;2;14;12;15m▀[38;2;2;2;2m[48;2;25;24;26m▀[38;2;165;165;165m[48;2;7;5;7m▀[38;2;255;255;255m[48;2;134;133;135m▀[38;2;255;255;255m[48;2;234;233;235m▀[38;2;240;240;240m[48;2;255;253;255m▀[38;2;255;255;255m[48;2;146;146;147m▀[38;2;177;177;177m[48;2;56;56;56m▀[38;2;38;38;37m[48;2;243;243;243m▀[38;2;212;213;212m[48;2;255;255;255m▀[38;2;181;182;181m[48;2;255;255;255m▀[38;2;135;135;135m[48;2;198;198;198m▀[38;2;48;48;48m[48;2;41;41;41m▀[38;2;176;176;176m[48;2;206;206;206m▀[38;2;255;255;255m[48;2;255;255;255m▀[38;2;252;252;252m[48;2;253;253;253m▀[38;2;252;252;252m[48;2;255;255;255m▀[38;2;255;255;255m[48;2;251;251;251m▀[38;2;242;242;242m[48;2;255;255;255m▀[38;2;110;110;110m[48;2;241;241;241m▀[38;2;53;52;54m[48;2;62;61;62m▀[38;2;2;0;3m[48;2;9;7;10m▀[38;2;0;0;0m[48;2;22;20;23m▀[38;2;70;68;71m[48;2;0;0;0m▀[38;2;167;166;168m[48;2;57;55;58m▀[38;2;31;29;32m[48;2;145;143;145m▀[38;2;27;24;28m[48;2;112;111;112m▀[38;2;8;7;9m[48;2;179;178;180m▀[38;2;78;78;78m[48;2;35;33;35m▀[38;2;184;184;184m[48;2;23;23;24m▀[38;2;123;123;123m[48;2;92;92;92m▀[38;2;10;8;10m[48;2;1;0;2m▀[38;2;14;12;15m[48;2;1;0;2m▀[38;2;34;32;35m[48;2;80;78;81m▀[38;2;225;224;226m[48;2;213;211;213m▀[38;2;255;255;255m[48;2;140;138;140m▀[38;2;255;255;255m[48;2;176;175;177m▀[38;2;255;255;255m[48;2;254;254;254m▀[38;2;147;146;148m[48;2;255;255;255m▀[38;2;3;1;4m[48;2;63;62;63m▀[38;2;16;14;17m[48;2;4;2;5m▀[38;2;14;12;15m[48;2;16;14;17m▀[38;2;14;12;15m[48;2;14;12;15m▀[38;2;14;12;15m[48;2;14;12;15m▀[38;2;14;12;15m[48;2;14;12;15m▀[0m ║
║ [38;2;17;15;18m[48;2;108;106;109m▀[38;2;10;8;11m[48;2;17;15;18m▀[38;2;15;13;16m[48;2;13;11;14m▀[38;2;14;12;15m[48;2;14;12;15m▀[38;2;14;12;15m[48;2;14;12;15m▀[38;2;14;12;15m[48;2;16;14;17m▀[38;2;15;13;16m[48;2;11;9;12m▀[38;2;42;40;43m[48;2;0;0;0m▀[38;2;62;60;63m[48;2;169;169;169m▀[38;2;25;23;26m[48;2;255;255;255m▀[38;2;17;15;18m[48;2;188;187;188m▀[38;2;23;21;24m[48;2;165;164;165m▀[38;2;7;6;8m[48;2;219;219;220m▀[38;2;139;139;138m[48;2;244;244;244m▀[38;2;255;255;255m[48;2;251;251;251m▀[38;2;250;250;250m[48;2;255;255;255m▀[38;2;250;250;250m[48;2;251;251;251m▀[38;2;255;255;255m[48;2;255;255;255m▀[38;2;107;107;107m[48;2;139;139;139m▀[38;2;190;190;190m[48;2;129;129;129m▀[38;2;255;255;255m[48;2;255;255;255m▀[38;2;253;253;253m[48;2;249;249;249m▀[38;2;255;255;255m[48;2;255;255;255m▀[38;2;255;255;255m[48;2;255;255;255m▀[38;2;250;249;250m[48;2;253;253;253m▀[38;2;255;255;255m[48;2;255;255;255m▀[38;2;171;170;172m[48;2;188;188;188m▀[38;2;0;0;0m[48;2;91;91;91m▀[38;2;16;14;17m[48;2;18;16;18m▀[38;2;23;21;24m[48;2;1;0;2m▀[38;2;0;0;0m[48;2;9;7;10m▀[38;2;93;91;94m[48;2;25;23;26m▀[38;2;168;168;168m[48;2;147;147;147m▀[38;2;74;74;74m[48;2;166;166;166m▀[38;2;45;43;46m[48;2;218;217;218m▀[38;2;37;36;37m[48;2;248;248;248m▀[38;2;61;61;61m[48;2;255;255;255m▀[38;2;128;127;129m[48;2;255;255;255m▀[38;2;22;20;23m[48;2;76;75;76m▀[38;2;10;8;11m[48;2;0;0;0m▀[38;2;34;32;35m[48;2;108;106;109m▀[38;2;11;9;13m[48;2;82;80;83m▀[38;2;0;0;0m[48;2;0;0;0m▀[38;2;138;138;138m[48;2;78;78;78m▀[38;2;255;255;255m[48;2;255;255;255m▀[38;2;110;110;110m[48;2;113;113;113m▀[38;2;0;0;0m[48;2;0;0;0m▀[38;2;18;16;19m[48;2;18;16;19m▀[38;2;14;12;15m[48;2;14;12;15m▀[38;2;14;12;15m[48;2;14;12;15m▀[38;2;14;12;15m[48;2;14;12;15m▀[0m ║
║ [38;2;65;63;66m[48;2;6;4;7m▀[38;2;37;35;38m[48;2;16;14;17m▀[38;2;12;10;13m[48;2;8;6;9m▀[38;2;14;12;15m[48;2;16;14;17m▀[38;2;16;14;17m[48;2;12;10;13m▀[38;2;4;3;5m[48;2;21;20;21m▀[38;2;61;59;62m[48;2;243;243;243m▀[38;2;44;44;44m[48;2;103;103;103m▀[38;2;153;153;153m[48;2;84;84;84m▀[38;2;255;255;255m[48;2;255;255;255m▀[38;2;255;255;255m[48;2;249;249;249m▀[38;2;255;255;255m[48;2;252;252;252m▀[38;2;255;255;255m[48;2;253;253;253m▀[38;2;255;255;255m[48;2;254;254;254m▀[38;2;255;255;255m[48;2;255;255;255m▀[38;2;255;255;255m[48;2;255;255;255m▀[38;2;252;252;252m[48;2;254;254;254m▀[38;2;255;255;255m[48;2;255;255;255m▀[38;2;182;182;182m[48;2;246;246;246m▀[38;2;23;23;23m[48;2;43;43;43m▀[38;2;245;245;245m[48;2;53;53;53m▀[38;2;255;255;255m[48;2;234;234;234m▀[38;2;250;250;250m[48;2;255;255;255m▀[38;2;252;252;252m[48;2;255;255;255m▀[38;2;252;252;252m[48;2;255;255;255m▀[38;2;255;255;255m[48;2;253;253;253m▀[38;2;209;209;209m[48;2;255;255;255m▀[38;2;160;160;160m[48;2;250;250;250m▀[38;2;90;89;90m[48;2;251;251;251m▀[38;2;46;44;47m[48;2;255;255;255m▀[38;2;147;145;148m[48;2;138;138;138m▀[38;2;52;51;53m[48;2;58;57;58m▀[38;2;224;224;225m[48;2;255;255;255m▀[38;2;239;239;239m[48;2;227;227;227m▀[38;2;246;246;246m[48;2;227;227;227m▀[38;2;255;255;255m[48;2;255;255;255m▀[38;2;254;254;254m[48;2;255;255;255m▀[38;2;249;249;249m[48;2;218;218;218m▀[38;2;100;100;100m[48;2;102;102;103m▀[38;2;0;0;0m[48;2;3;1;4m▀[38;2;104;102;105m[48;2;42;40;43m▀[38;2;185;183;185m[48;2;47;45;48m▀[38;2;0;0;0m[48;2;104;103;105m▀[38;2;161;161;161m[48;2;255;255;255m▀[38;2;255;255;255m[48;2;238;238;238m▀[38;2;87;87;87m[48;2;32;33;32m▀[38;2;0;0;1m[48;2;9;8;10m▀[38;2;17;15;18m[48;2;15;13;16m▀[38;2;14;12;15m[48;2;14;12;15m▀[38;2;14;12;15m[48;2;14;12;15m▀[38;2;14;12;15m[48;2;14;12;15m▀[0m ║
║ [38;2;94;93;95m[48;2;106;106;106m▀[38;2;97;96;98m[48;2;74;74;75m▀[38;2;78;76;79m[48;2;117;114;118m▀[38;2;4;2;5m[48;2;17;15;18m▀[38;2;1;0;2m[48;2;33;31;34m▀[38;2;75;74;75m[48;2;128;128;129m▀[38;2;255;255;255m[48;2;255;255;255m▀[38;2;208;208;209m[48;2;239;238;240m▀[38;2;79;79;79m[48;2;38;36;39m▀[38;2;255;255;255m[48;2;166;166;166m▀[38;2;255;255;255m[48;2;255;255;255m▀[38;2;255;255;255m[48;2;250;250;250m▀[38;2;255;255;255m[48;2;255;255;255m▀[38;2;254;254;254m[48;2;255;255;255m▀[38;2;254;254;254m[48;2;255;255;255m▀[38;2;255;255;255m[48;2;255;255;255m▀[38;2;255;255;255m[48;2;255;255;255m▀[38;2;253;253;253m[48;2;255;255;255m▀[38;2;255;255;255m[48;2;253;253;253m▀[38;2;237;237;237m[48;2;255;255;255m▀[38;2;61;61;61m[48;2;255;255;255m▀[38;2;8;8;8m[48;2;157;157;157m▀[38;2;93;93;93m[48;2;46;46;46m▀[38;2;167;167;167m[48;2;1;1;1m▀[38;2;216;216;216m[48;2;0;0;0m▀[38;2;255;255;255m[48;2;95;95;95m▀[38;2;255;255;255m[48;2;185;185;185m▀[38;2;255;255;255m[48;2;195;195;195m▀[38;2;223;223;223m[48;2;54;54;54m▀[38;2;111;112;111m[48;2;0;0;0m▀[38;2;52;52;52m[48;2;217;217;217m▀[38;2;228;228;228m[48;2;255;255;255m▀[38;2;255;255;255m[48;2;252;252;252m▀[38;2;241;241;241m[48;2;252;252;252m▀[38;2;224;224;224m[48;2;216;216;216m▀[38;2;255;255;255m[48;2;255;255;255m▀[38;2;255;255;255m[48;2;243;243;243m▀[38;2;184;184;184m[48;2;142;142;142m▀[38;2;49;49;49m[48;2;240;240;240m▀[38;2;141;139;141m[48;2;225;225;225m▀[38;2;64;63;65m[48;2;69;69;69m▀[38;2;40;39;41m[48;2;88;88;88m▀[38;2;242;242;243m[48;2;206;206;206m▀[38;2;255;255;255m[48;2;196;196;196m▀[38;2;142;142;143m[48;2;20;19;21m▀[38;2;0;0;0m[48;2;12;9;13m▀[38;2;17;15;18m[48;2;15;13;16m▀[38;2;14;12;15m[48;2;14;12;15m▀[38;2;14;12;15m[48;2;14;12;15m▀[38;2;14;12;15m[48;2;14;12;15m▀[38;2;14;12;15m[48;2;14;12;15m▀[0m ║
║ [38;2;210;210;210m[48;2;228;228;228m▀[38;2;64;64;64m[48;2;42;42;42m▀[38;2;38;37;39m[48;2;123;123;123m▀[38;2;19;17;20m[48;2;116;115;116m▀[38;2;122;120;123m[48;2;49;47;50m▀[38;2;61;60;62m[48;2;20;18;21m▀[38;2;253;252;253m[48;2;73;71;74m▀[38;2;229;227;229m[48;2;203;201;204m▀[38;2;33;31;34m[48;2;27;25;28m▀[38;2;101;101;101m[48;2;179;179;179m▀[38;2;221;221;221m[48;2;97;97;97m▀[38;2;255;255;255m[48;2;231;231;231m▀[38;2;255;255;255m[48;2;255;255;255m▀[38;2;238;238;238m[48;2;239;239;239m▀[38;2;221;221;221m[48;2;182;182;182m▀[38;2;255;255;255m[48;2;252;252;252m▀[38;2;255;255;255m[48;2;255;255;255m▀[38;2;255;255;255m[48;2;255;255;255m▀[38;2;255;255;255m[48;2;255;255;255m▀[38;2;253;253;253m[48;2;255;255;255m▀[38;2;255;255;255m[48;2;254;254;254m▀[38;2;255;255;255m[48;2;252;252;252m▀[38;2;255;255;255m[48;2;255;255;255m▀[38;2;220;220;220m[48;2;255;255;255m▀[38;2;164;164;164m[48;2;255;255;255m▀[38;2;67;67;67m[48;2;255;255;255m▀[38;2;17;17;17m[48;2;217;217;217m▀[38;2;141;141;141m[48;2;135;135;135m▀[38;2;164;164;164m[48;2;233;233;233m▀[38;2;190;190;190m[48;2;255;255;255m▀[38;2;255;255;255m[48;2;169;169;169m▀[38;2;255;255;255m[48;2;225;225;225m▀[38;2;254;254;254m[48;2;255;255;255m▀[38;2;255;255;255m[48;2;255;255;255m▀[38;2;226;226;226m[48;2;185;185;185m▀[38;2;255;255;255m[48;2;247;247;247m▀[38;2;100;100;100m[48;2;147;147;147m▀[38;2;134;134;134m[48;2;87;87;87m▀[38;2;199;199;199m[48;2;145;145;145m▀[38;2;81;81;81m[48;2;234;234;234m▀[38;2;226;225;226m[48;2;255;255;255m▀[38;2;169;169;169m[48;2;163;164;163m▀[38;2;159;158;159m[48;2;1;0;1m▀[38;2;19;18;20m[48;2;13;11;15m▀[38;2;10;8;11m[48;2;16;14;17m▀[38;2;16;14;17m[48;2;14;12;15m▀[38;2;14;12;15m[48;2;14;12;15m▀[38;2;14;12;15m[48;2;14;12;15m▀[38;2;14;12;15m[48;2;14;12;15m▀[38;2;14;12;15m[48;2;14;12;15m▀[38;2;14;12;15m[48;2;14;12;15m▀[0m ║
║ [38;2;203;203;203m[48;2;154;154;154m▀[38;2;84;84;84m[48;2;58;58;58m▀[38;2;255;255;255m[48;2;255;255;255m▀[38;2;175;174;175m[48;2;142;142;142m▀[38;2;157;156;157m[48;2;177;177;177m▀[38;2;152;151;152m[48;2;255;255;255m▀[38;2;58;58;59m[48;2;255;255;255m▀[38;2;72;71;72m[48;2;255;255;255m▀[38;2;0;0;0m[48;2;59;59;59m▀[38;2;132;132;132m[48;2;71;71;71m▀[38;2;132;131;131m[48;2;206;206;206m▀[38;2;54;53;53m[48;2;58;55;56m▀[38;2;237;236;237m[48;2;76;75;75m▀[38;2;255;255;255m[48;2;255;255;255m▀[38;2;255;255;255m[48;2;255;255;255m▀[38;2;255;255;255m[48;2;252;252;252m▀[38;2;255;255;255m[48;2;255;255;255m▀[38;2;255;255;255m[48;2;255;255;255m▀[38;2;255;255;255m[48;2;255;255;255m▀[38;2;255;255;255m[48;2;255;255;255m▀[38;2;255;255;255m[48;2;255;255;255m▀[38;2;255;255;255m[48;2;255;255;255m▀[38;2;254;254;254m[48;2;252;252;252m▀[38;2;253;253;253m[48;2;255;255;255m▀[38;2;251;251;251m[48;2;167;167;167m▀[38;2;143;143;143m[48;2;98;98;98m▀[38;2;4;4;4m[48;2;135;135;136m▀[38;2;49;49;51m[48;2;69;69;71m▀[38;2;101;101;102m[48;2;112;112;113m▀[38;2;139;139;139m[48;2;179;179;179m▀[38;2;176;176;176m[48;2;255;255;255m▀[38;2;232;232;232m[48;2;255;255;255m▀[38;2;255;255;255m[48;2;255;255;255m▀[38;2;229;229;229m[48;2;98;98;98m▀[38;2;84;84;84m[48;2;149;149;149m▀[38;2;255;255;255m[48;2;196;196;196m▀[38;2;225;225;225m[48;2;197;197;197m▀[38;2;231;231;231m[48;2;178;178;178m▀[38;2;255;255;255m[48;2;127;127;128m▀[38;2;255;255;255m[48;2;62;61;63m▀[38;2;155;154;155m[48;2;6;3;7m▀[38;2;14;13;15m[48;2;12;9;13m▀[38;2;13;12;14m[48;2;15;13;16m▀[38;2;16;14;17m[48;2;14;12;15m▀[38;2;14;12;15m[48;2;14;12;15m▀[38;2;14;12;15m[48;2;14;12;15m▀[38;2;14;12;15m[48;2;14;12;15m▀[38;2;14;12;15m[48;2;14;12;15m▀[38;2;14;12;15m[48;2;14;12;15m▀[38;2;14;12;15m[48;2;14;12;15m▀[38;2;14;12;15m[48;2;14;12;15m▀[0m ║
║ [38;2;139;139;139m[48;2;150;150;150m▀[38;2;11;11;11m[48;2;49;49;49m▀[38;2;220;220;219m[48;2;131;131;131m▀[38;2;80;80;80m[48;2;50;50;50m▀[38;2;197;197;198m[48;2;250;250;250m▀[38;2;255;255;255m[48;2;255;255;255m▀[38;2;249;249;249m[48;2;255;255;255m▀[38;2;255;255;255m[48;2;255;255;255m▀[38;2;185;185;185m[48;2;255;255;255m▀[38;2;23;22;22m[48;2;97;95;96m▀[38;2;118;117;118m[48;2;1;0;0m▀[38;2;35;33;35m[48;2;10;8;11m▀[38;2;15;13;16m[48;2;21;19;22m▀[38;2;97;95;98m[48;2;6;4;7m▀[38;2;255;255;255m[48;2;65;65;66m▀[38;2;255;255;255m[48;2;233;233;232m▀[38;2;250;250;250m[48;2;255;255;255m▀[38;2;253;253;253m[48;2;255;255;255m▀[38;2;253;253;253m[48;2;255;255;255m▀[38;2;253;253;253m[48;2;255;255;255m▀[38;2;252;252;252m[48;2;255;255;255m▀[38;2;252;252;252m[48;2;255;255;255m▀[38;2;251;251;251m[48;2;255;255;255m▀[38;2;253;253;253m[48;2;255;255;255m▀[38;2;239;239;239m[48;2;255;255;255m▀[38;2;255;255;255m[48;2;254;254;254m▀[38;2;255;255;255m[48;2;215;215;215m▀[38;2;255;255;255m[48;2;242;242;242m▀[38;2;255;255;255m[48;2;254;254;254m▀[38;2;255;255;255m[48;2;254;254;254m▀[38;2;248;248;248m[48;2;252;252;252m▀[38;2;193;193;193m[48;2;168;168;168m▀[38;2;87;87;87m[48;2;184;184;184m▀[38;2;137;136;137m[48;2;255;255;255m▀[38;2;34;32;34m[48;2;41;38;42m▀[38;2;0;0;0m[48;2;10;8;11m▀[38;2;5;3;6m[48;2;17;15;18m▀[38;2;0;0;0m[48;2;17;15;18m▀[38;2;0;0;0m[48;2;18;16;19m▀[38;2;4;2;5m[48;2;16;14;17m▀[38;2;16;14;17m[48;2;14;12;15m▀[38;2;15;13;16m[48;2;14;12;15m▀[38;2;14;12;15m[48;2;14;12;15m▀[38;2;14;12;15m[48;2;15;13;16m▀[38;2;15;13;16m[48;2;11;9;12m▀[38;2;15;12;16m[48;2;12;11;13m▀[38;2;14;12;15m[48;2;14;13;15m▀[38;2;14;12;15m[48;2;14;12;15m▀[38;2;14;12;15m[48;2;14;12;15m▀[38;2;14;12;15m[48;2;14;12;15m▀[38;2;14;12;15m[48;2;14;12;15m▀[0m ║
║ [38;2;178;178;178m[48;2;193;193;193m▀[38;2;59;58;59m[48;2;10;10;11m▀[38;2;46;44;47m[48;2;45;43;46m▀[38;2;109;108;110m[48;2;119;118;119m▀[38;2;255;255;255m[48;2;237;237;237m▀[38;2;254;254;254m[48;2;183;183;183m▀[38;2;253;253;253m[48;2;116;116;116m▀[38;2;127;127;127m[48;2;63;63;63m▀[38;2;99;99;99m[48;2;38;38;38m▀[38;2;58;58;58m[48;2;27;27;26m▀[38;2;14;14;15m[48;2;163;162;163m▀[38;2;28;26;29m[48;2;35;33;36m▀[38;2;12;10;13m[48;2;15;13;16m▀[38;2;11;9;12m[48;2;1;0;2m▀[38;2;41;40;41m[48;2;192;191;192m▀[38;2;64;64;64m[48;2;79;79;79m▀[38;2;176;176;176m[48;2;0;0;0m▀[38;2;194;194;194m[48;2;74;73;74m▀[38;2;204;204;204m[48;2;32;32;32m▀[38;2;208;207;208m[48;2;7;6;8m▀[38;2;193;192;194m[48;2;6;4;7m▀[38;2;173;171;173m[48;2;1;0;2m▀[38;2;146;144;147m[48;2;1;0;2m▀[38;2;123;122;124m[48;2;0;0;0m▀[38;2;93;91;94m[48;2;0;0;0m▀[38;2;30;30;30m[48;2;69;70;69m▀[38;2;105;105;105m[48;2;248;248;248m▀[38;2;255;255;255m[48;2;255;255;255m▀[38;2;255;255;255m[48;2;253;253;253m▀[38;2;254;254;254m[48;2;253;253;253m▀[38;2;255;255;255m[48;2;252;252;252m▀[38;2;255;255;255m[48;2;247;247;247m▀[38;2;255;255;255m[48;2;255;255;255m▀[38;2;171;171;171m[48;2;83;83;84m▀[38;2;2;0;3m[48;2;0;0;1m▀[38;2;17;15;18m[48;2;17;15;18m▀[38;2;14;12;15m[48;2;14;12;15m▀[38;2;14;12;15m[48;2;14;12;15m▀[38;2;14;12;15m[48;2;14;12;15m▀[38;2;14;12;15m[48;2;14;12;15m▀[38;2;14;12;15m[48;2;14;12;15m▀[38;2;14;12;15m[48;2;14;12;15m▀[38;2;15;13;16m[48;2;15;13;16m▀[38;2;10;8;11m[48;2;5;3;6m▀[38;2;26;25;27m[48;2;161;161;162m▀[38;2;19;19;19m[48;2;124;124;124m▀[38;2;13;11;14m[48;2;0;0;0m▀[38;2;15;13;16m[48;2;17;15;18m▀[38;2;14;12;15m[48;2;13;11;14m▀[38;2;14;12;15m[48;2;13;11;14m▀[38;2;14;12;15m[48;2;17;15;18m▀[0m ║
║ [38;2;169;169;169m[48;2;153;152;153m▀[38;2;28;28;28m[48;2;7;7;7m▀[38;2;247;247;247m[48;2;232;232;231m▀[38;2;90;90;90m[48;2;171;171;171m▀[38;2;206;206;206m[48;2;48;48;48m▀[38;2;245;245;245m[48;2;255;255;255m▀[38;2;247;247;247m[48;2;216;216;216m▀[38;2;191;191;191m[48;2;74;74;74m▀[38;2;101;101;101m[48;2;190;190;190m▀[38;2;201;201;200m[48;2;255;255;255m▀[38;2;138;137;138m[48;2;187;187;187m▀[38;2;0;0;0m[48;2;72;71;73m▀[38;2;4;2;5m[48;2;79;78;80m▀[38;2;25;23;26m[48;2;44;43;44m▀[38;2;174;172;175m[48;2;85;84;86m▀[38;2;79;77;80m[48;2;11;9;12m▀[38;2;20;18;21m[48;2;23;21;24m▀[38;2;74;73;75m[48;2;2;0;3m▀[38;2;99;97;100m[48;2;9;7;10m▀[38;2;7;5;8m[48;2;16;14;17m▀[38;2;17;15;18m[48;2;15;13;16m▀[38;2;18;16;19m[48;2;12;10;13m▀[38;2;3;1;4m[48;2;79;77;80m▀[38;2;11;11;11m[48;2;220;220;220m▀[38;2;128;129;128m[48;2;255;255;255m▀[38;2;254;254;254m[48;2;255;255;255m▀[38;2;255;255;255m[48;2;255;255;255m▀[38;2;253;253;253m[48;2;255;255;255m▀[38;2;255;255;255m[48;2;244;244;245m▀[38;2;255;255;255m[48;2;221;220;221m▀[38;2;255;255;255m[48;2;187;186;187m▀[38;2;255;255;255m[48;2;148;148;149m▀[38;2;224;222;225m[48;2;68;66;69m▀[38;2;17;15;19m[48;2;7;5;8m▀[38;2;13;11;14m[48;2;16;14;17m▀[38;2;15;13;16m[48;2;14;12;15m▀[38;2;14;12;15m[48;2;14;12;15m▀[38;2;14;12;15m[48;2;14;12;15m▀[38;2;14;12;15m[48;2;14;12;15m▀[38;2;14;12;15m[48;2;14;12;15m▀[38;2;14;12;15m[48;2;14;12;15m▀[38;2;15;13;16m[48;2;14;12;15m▀[38;2;12;10;13m[48;2;14;12;15m▀[38;2;19;17;20m[48;2;11;9;12m▀[38;2;194;193;194m[48;2;145;144;145m▀[38;2;151;151;151m[48;2;151;151;151m▀[38;2;81;80;82m[48;2;77;75;77m▀[38;2;27;25;28m[48;2;93;91;93m▀[38;2;24;22;26m[48;2;34;33;35m▀[38;2;23;21;24m[48;2;80;79;81m▀[38;2;1;0;2m[48;2;107;106;108m▀[0m ║
║ [38;2;58;56;60m[48;2;0;0;0m▀[38;2;42;41;43m[48;2;151;151;152m▀[38;2;224;224;224m[48;2;208;208;208m▀[38;2;254;254;254m[48;2;255;255;255m▀[38;2;84;84;84m[48;2;204;204;204m▀[38;2;94;94;94m[48;2;179;179;179m▀[38;2;118;118;118m[48;2;169;169;169m▀[38;2;214;214;214m[48;2;199;199;199m▀[38;2;255;255;255m[48;2;255;255;255m▀[38;2;249;249;249m[48;2;255;255;255m▀[38;2;255;255;255m[48;2;177;176;177m▀[38;2;254;254;254m[48;2;26;25;26m▀[38;2;152;152;152m[48;2;10;9;10m▀[38;2;151;151;151m[48;2;62;61;63m▀[38;2;66;64;67m[48;2;22;20;23m▀[38;2;1;0;2m[48;2;13;11;14m▀[38;2;14;12;15m[48;2;14;12;15m▀[38;2;16;14;17m[48;2;14;12;15m▀[38;2;15;13;16m[48;2;14;12;15m▀[38;2;14;12;15m[48;2;14;12;15m▀[38;2;13;11;14m[48;2;14;12;15m▀[38;2;19;17;20m[48;2;14;12;15m▀[38;2;103;101;104m[48;2;0;0;0m▀[38;2;114;113;114m[48;2;0;0;0m▀[38;2;98;98;98m[48;2;0;0;0m▀[38;2;101;101;101m[48;2;0;0;0m▀[38;2;81;81;81m[48;2;1;0;1m▀[38;2;62;62;62m[48;2;4;3;4m▀[38;2;41;40;42m[48;2;4;2;5m▀[38;2;16;14;17m[48;2;38;36;39m▀[38;2;7;5;8m[48;2;67;65;67m▀[38;2;12;10;13m[48;2;68;66;69m▀[38;2;18;16;19m[48;2;33;31;34m▀[38;2;15;13;16m[48;2;13;11;14m▀[38;2;14;12;15m[48;2;14;12;15m▀[38;2;14;12;15m[48;2;15;13;16m▀[38;2;13;11;14m[48;2;21;19;22m▀[38;2;14;12;15m[48;2;15;13;16m▀[38;2;14;12;15m[48;2;14;12;15m▀[38;2;14;12;15m[48;2;14;12;15m▀[38;2;14;12;15m[48;2;14;12;15m▀[38;2;14;12;15m[48;2;14;12;15m▀[38;2;15;13;16m[48;2;16;14;17m▀[38;2;5;3;6m[48;2;0;0;1m▀[38;2;88;87;88m[48;2;73;72;73m▀[38;2;149;149;149m[48;2;137;137;137m▀[38;2;9;7;8m[48;2;0;0;0m▀[38;2;108;107;107m[48;2;51;50;51m▀[38;2;111;111;111m[48;2;227;226;227m▀[38;2;126;127;126m[48;2;255;255;255m▀[38;2;90;90;90m[48;2;204;204;204m▀[0m ║
║ [38;2;105;105;105m[48;2;238;238;238m▀[38;2;255;255;255m[48;2;255;255;255m▀[38;2;166;166;166m[48;2;146;145;147m▀[38;2;186;186;186m[48;2;0;0;1m▀[38;2;188;188;188m[48;2;8;7;9m▀[38;2;93;93;93m[48;2;5;4;6m▀[38;2;164;164;164m[48;2;0;0;0m▀[38;2;250;250;250m[48;2;59;57;60m▀[38;2;255;255;255m[48;2;215;214;215m▀[38;2;252;253;254m[48;2;228;223;220m▀[38;2;39;39;40m[48;2;57;46;51m▀[38;2;0;0;1m[48;2;11;7;11m▀[38;2;17;15;18m[48;2;16;13;17m▀[38;2;4;2;5m[48;2;16;14;17m▀[38;2;13;11;14m[48;2;14;12;15m▀[38;2;14;12;15m[48;2;14;12;15m▀[38;2;14;12;15m[48;2;14;12;15m▀[38;2;14;12;15m[48;2;14;12;15m▀[38;2;14;12;15m[48;2;14;12;15m▀[38;2;14;12;15m[48;2;14;12;15m▀[38;2;14;12;15m[48;2;14;12;15m▀[38;2;14;12;15m[48;2;14;12;15m▀[38;2;17;15;18m[48;2;14;12;15m▀[38;2;18;16;19m[48;2;14;12;15m▀[38;2;18;16;19m[48;2;14;12;15m▀[38;2;18;16;19m[48;2;14;12;15m▀[38;2;17;15;18m[48;2;14;12;15m▀[38;2;16;14;18m[48;2;14;12;15m▀[38;2;15;13;16m[48;2;14;12;15m▀[38;2;17;15;18m[48;2;13;11;14m▀[38;2;13;11;14m[48;2;14;12;15m▀[38;2;7;5;8m[48;2;16;14;17m▀[38;2;11;9;12m[48;2;15;13;16m▀[38;2;14;12;15m[48;2;15;13;16m▀[38;2;15;13;16m[48;2;11;9;12m▀[38;2;5;3;6m[48;2;50;48;51m▀[38;2;11;9;12m[48;2;56;55;57m▀[38;2;18;16;19m[48;2;7;5;8m▀[38;2;13;11;14m[48;2;15;13;16m▀[38;2;16;14;17m[48;2;6;4;7m▀[38;2;14;12;15m[48;2;16;14;17m▀[38;2;14;12;15m[48;2;16;14;17m▀[38;2;16;14;17m[48;2;15;13;16m▀[38;2;0;0;1m[48;2;12;10;13m▀[38;2;81;80;81m[48;2;23;22;24m▀[38;2;109;109;109m[48;2;10;9;11m▀[38;2;0;0;0m[48;2;108;108;108m▀[38;2;163;163;163m[48;2;255;255;255m▀[38;2;255;255;255m[48;2;253;253;253m▀[38;2;249;249;249m[48;2;254;254;254m▀[38;2;255;255;255m[48;2;253;253;253m▀[0m ║
║ [38;2;255;255;255m[48;2;147;145;148m▀[38;2;152;151;152m[48;2;19;17;20m▀[38;2;0;0;0m[48;2;11;9;12m▀[38;2;16;14;17m[48;2;16;14;17m▀[38;2;16;14;17m[48;2;14;12;15m▀[38;2;16;14;17m[48;2;14;12;15m▀[38;2;19;17;20m[48;2;13;12;15m▀[38;2;0;0;1m[48;2;18;18;20m▀[38;2;28;25;28m[48;2;4;0;4m▀[38;2;170;151;148m[48;2;37;22;33m▀[38;2;136;121;120m[48;2;39;32;36m▀[38;2;7;4;8m[48;2;10;9;12m▀[38;2;16;13;16m[48;2;15;13;16m▀[38;2;14;12;15m[48;2;14;12;15m▀[38;2;14;12;15m[48;2;14;12;15m▀[38;2;14;12;15m[48;2;14;12;15m▀[38;2;14;12;15m[48;2;14;12;15m▀[38;2;14;12;15m[48;2;14;12;15m▀[38;2;14;12;15m[48;2;14;12;15m▀[38;2;14;12;15m[48;2;14;12;15m▀[38;2;14;12;15m[48;2;14;12;15m▀[38;2;14;12;15m[48;2;14;12;15m▀[38;2;14;12;15m[48;2;14;12;15m▀[38;2;14;12;15m[48;2;14;12;15m▀[38;2;14;12;15m[48;2;14;12;15m▀[38;2;14;12;15m[48;2;14;12;15m▀[38;2;14;12;15m[48;2;14;12;15m▀[38;2;14;12;15m[48;2;14;12;15m▀[38;2;14;12;15m[48;2;14;12;15m▀[38;2;14;12;15m[48;2;14;12;15m▀[38;2;14;12;15m[48;2;14;12;15m▀[38;2;14;12;15m[48;2;14;12;15m▀[38;2;15;13;16m[48;2;15;13;16m▀[38;2;12;10;13m[48;2;23;21;23m▀[38;2;35;33;36m[48;2;21;18;21m▀[38;2;116;114;117m[48;2;5;4;6m▀[38;2;105;103;106m[48;2;5;3;6m▀[38;2;0;0;0m[48;2;17;15;18m▀[38;2;19;17;20m[48;2;11;9;12m▀[38;2;54;52;55m[48;2;185;184;185m▀[38;2;3;2;4m[48;2;171;171;171m▀[38;2;7;5;8m[48;2;43;43;43m▀[38;2;13;11;14m[48;2;39;39;40m▀[38;2;17;15;18m[48;2;16;14;17m▀[38;2;4;2;5m[48;2;9;7;10m▀[38;2;57;55;58m[48;2;24;22;25m▀[38;2;255;255;255m[48;2;107;107;107m▀[38;2;255;255;255m[48;2;231;231;231m▀[38;2;249;249;249m[48;2;255;255;255m▀[38;2;255;255;255m[48;2;237;237;237m▀[38;2;255;255;255m[48;2;143;143;143m▀[0m ║
║ [38;2;0;0;1m[48;2;17;15;18m▀[38;2;13;11;14m[48;2;15;13;16m▀[38;2;15;13;16m[48;2;14;12;15m▀[38;2;14;12;15m[48;2;14;12;15m▀[38;2;14;12;15m[48;2;14;12;15m▀[38;2;14;12;15m[48;2;14;12;15m▀[38;2;16;14;16m[48;2;16;15;17m▀[38;2;8;3;8m[48;2;5;0;6m▀[38;2;66;54;57m[48;2;90;73;75m▀[38;2;116;99;101m[48;2;137;121;119m▀[38;2;8;5;9m[48;2;13;8;12m▀[38;2;14;13;16m[48;2;14;12;15m▀[38;2;14;12;15m[48;2;14;12;15m▀[38;2;14;12;15m[48;2;14;12;15m▀[38;2;14;12;15m[48;2;14;12;15m▀[38;2;14;12;15m[48;2;14;12;15m▀[38;2;14;12;15m[48;2;14;12;15m▀[38;2;14;12;15m[48;2;14;12;15m▀[38;2;14;12;15m[48;2;14;12;15m▀[38;2;14;12;15m[48;2;14;12;15m▀[38;2;14;12;15m[48;2;14;12;15m▀[38;2;14;12;15m[48;2;14;12;15m▀[38;2;14;12;15m[48;2;14;12;15m▀[38;2;14;12;15m[48;2;14;12;15m▀[38;2;14;12;15m[48;2;14;12;15m▀[38;2;14;12;15m[48;2;14;12;15m▀[38;2;14;12;15m[48;2;14;12;15m▀[38;2;14;12;15m[48;2;14;12;15m▀[38;2;14;12;15m[48;2;14;12;15m▀[38;2;14;12;15m[48;2;14;12;15m▀[38;2;15;12;15m[48;2;13;11;14m▀[38;2;15;13;16m[48;2;10;6;10m▀[38;2;12;11;14m[48;2;21;14;19m▀[38;2;16;15;18m[48;2;13;6;14m▀[38;2;8;7;9m[48;2;30;26;29m▀[38;2;18;15;19m[48;2;32;30;33m▀[38;2;16;14;17m[48;2;16;14;17m▀[38;2;17;15;18m[48;2;14;12;15m▀[38;2;0;0;1m[48;2;14;12;15m▀[38;2;108;107;108m[48;2;7;5;8m▀[38;2;255;255;255m[48;2;183;181;183m▀[38;2;255;255;255m[48;2;203;203;203m▀[38;2;102;101;102m[48;2;10;10;10m▀[38;2;3;2;4m[48;2;153;153;153m▀[38;2;59;57;60m[48;2;255;255;255m▀[38;2;4;2;5m[48;2;151;151;151m▀[38;2;0;0;0m[48;2;20;20;20m▀[38;2;31;31;31m[48;2;0;0;0m▀[38;2;144;144;144m[48;2;22;22;22m▀[38;2;159;159;159m[48;2;128;128;128m▀[38;2;223;223;223m[48;2;139;139;139m▀[0m ║
║ [38;2;14;12;15m[48;2;14;12;15m▀[38;2;14;12;15m[48;2;14;12;15m▀[38;2;14;12;15m[48;2;14;12;15m▀[38;2;14;12;15m[48;2;14;12;15m▀[38;2;14;12;15m[48;2;14;12;15m▀[38;2;15;13;16m[48;2;15;13;16m▀[38;2;8;7;11m[48;2;12;10;13m▀[38;2;38;31;35m[48;2;23;17;24m▀[38;2;166;148;145m[48;2;125;110;109m▀[38;2;64;51;56m[48;2;78;64;68m▀[38;2;4;2;6m[48;2;6;3;7m▀[38;2;16;14;17m[48;2;16;14;17m▀[38;2;14;12;15m[48;2;14;12;15m▀[38;2;14;12;15m[48;2;14;12;15m▀[38;2;14;12;15m[48;2;14;12;15m▀[38;2;14;12;15m[48;2;14;12;15m▀[38;2;14;12;15m[48;2;14;12;15m▀[38;2;14;12;15m[48;2;14;12;15m▀[38;2;14;12;15m[48;2;14;12;15m▀[38;2;14;12;15m[48;2;14;12;15m▀[38;2;14;12;15m[48;2;14;12;15m▀[38;2;14;12;15m[48;2;14;12;15m▀[38;2;14;12;15m[48;2;14;12;15m▀[38;2;14;12;15m[48;2;14;12;15m▀[38;2;14;12;15m[48;2;14;12;15m▀[38;2;14;12;15m[48;2;14;12;15m▀[38;2;14;12;15m[48;2;14;12;15m▀[38;2;14;12;15m[48;2;14;12;15m▀[38;2;14;12;15m[48;2;14;14;16m▀[38;2;15;13;16m[48;2;11;8;12m▀[38;2;13;8;11m[48;2;28;16;21m▀[38;2;111;95;96m[48;2;167;147;141m▀[38;2;153;133;130m[48;2;164;139;131m▀[38;2;152;136;137m[48;2;193;179;176m▀[38;2;147;141;145m[48;2;212;211;212m▀[38;2;12;11;13m[48;2;59;58;59m▀[38;2;16;14;17m[48;2;12;10;13m▀[38;2;14;12;15m[48;2;15;13;16m▀[38;2;15;13;16m[48;2;14;12;15m▀[38;2;10;8;11m[48;2;18;16;19m▀[38;2;20;19;21m[48;2;1;0;2m▀[38;2;31;31;32m[48;2;68;65;69m▀[38;2;163;163;163m[48;2;252;251;253m▀[38;2;255;255;255m[48;2;254;254;254m▀[38;2;255;255;255m[48;2;253;253;253m▀[38;2;255;255;255m[48;2;252;252;252m▀[38;2;219;219;219m[48;2;255;255;255m▀[38;2;183;183;183m[48;2;255;255;255m▀[38;2;221;221;221m[48;2;255;255;255m▀[38;2;158;158;158m[48;2;255;255;255m▀[38;2;97;97;97m[48;2;255;255;255m▀[0m ║
╚═════════════════════════════════════════════════════╝
